"","IDs","H2S_mean","H2S_sd","H2S_cv","H2S_flag","QAQC_flag","Dilution","H2S_cv_flag"
"1","100",1.33282908844373,0.351216747928705,26.3512216963093,"Within_Range","MC 10 out of range",1,"High CV"
"2","44",1.37422037913151,0.526825121893058,38.3362908812345,"Within_Range","MC 10 out of range",1,"High CV"
